X Acceleration (m/s^2), Y Acceleration (m/s^2), Z Acceleration (m/s^2), Time (milliseconds)
-0.3849, 0.3773, 9.4176, 5
-0.7698, 0, 9.809999, 51
-0.7698, 0, 9.809999, 81
-0.7698, 0, 9.809999, 127
-0.7698, 0, 10.2024, 173
-0.7698, 0, 9.809999, 204
-0.7698, 0, 9.4176, 251
-1.5396, -0.3773, 9.4176, 283
-0.3849, 0, 9.0252, 329
-0.3849, 0, 9.809999, 376
-1.5396, -0.3773, 10.2024, 407
-1.1547, 0, 9.809999, 454
-0.3849, 0.3773, 9.4176, 485
-0.7698, 0, 9.809999, 531
-1.9245, -0.3773, 10.5948, 577
-1.1547, 0, 10.2024, 607
-1.1547, 0, 9.809999, 655
-1.1547, -0.3773, 10.2024, 686
-0.7698, 0, 9.4176, 732
-0.3849, 0, 9.809999, 778
-0.7698, 0.3773, 10.2024, 808
-0.3849, 0, 10.2024, 853
-0.3849, 0.3773, 9.4176, 900
0, 0, 9.809999, 930
-0.3849, -0.3773, 9.809999, 977
-0.3849, 0, 9.809999, 1009
-0.3849, -0.3773, 10.2024, 1054
-0.7698, -0.7546, 7.848, 1102
-0.3849, 0, 10.5948, 1132
-1.1547, -0.3773, 10.9872, 1177
-0.7698, -0.7546, 9.4176, 1208
-0.7698, -0.3773, 9.809999, 1254
-1.1547, 0, 10.9872, 1301
-0.7698, -0.7546, 9.4176, 1332
-0.7698, -0.3773, 9.809999, 1379
-1.1547, 0.3773, 9.809999, 1412
-0.7698, -0.7546, 10.2024, 1459
-1.1547, 0, 9.809999, 1506
-0.7698, 0.3773, 9.809999, 1536
-0.7698, 0.3773, 9.4176, 1584
-1.1547, 0, 9.809999, 1615
-0.7698, 0, 9.809999, 1661
-0.7698, 0, 9.809999, 1693
0, 0, 9.4176, 1739
0, -0.3773, 9.4176, 1786
-0.7698, 0, 9.809999, 1817
-0.7698, 0, 10.2024, 1863
-0.7698, 0, 10.2024, 1896
-0.7698, 0, 9.809999, 1941
-0.7698, 0.3773, 9.809999, 1990
-0.7698, 0.3773, 9.809999, 2052
-0.3849, 0.3773, 9.4176, 2066
1.1547, 0, 10.5948, 2097
4.2339, -0.7546, 14.1264, 2175
11.1621, 1.1319, 14.9112, 2190
15.396, 4.1503, 10.9872, 2221
17.3205, 3.3957, 7.0632, 2267
6.1584, -0.7546, -2.3544, 2299
-16.5507, -4.1503, 2.3544, 2346
-25.0185, -0.3773, 13.3416, 2392
-14.2413, 1.5092, 10.2024, 2423
-10.7772, 5.6595, 5.1012, 2470
-7.3131, -1.8865, 12.5568, 2500
-2.6943, -3.0184, 5.1012, 2546
-3.0792, -0.7546, 7.0632, 2593
-3.4641, -1.8865, 10.2024, 2624
-2.3094, -0.7546, 9.0252, 2671
-2.6943, -0.7546, 10.5948, 2702
-2.3094, -1.1319, 10.2024, 2747
-1.9245, -1.1319, 9.809999, 2795
-2.3094, -0.3773, 10.5948, 2826
-3.0792, 0, 10.5948, 2871
-2.3094, -1.1319, 9.0252, 2903
-1.9245, -1.1319, 9.4176, 2949
-3.0792, -0.7546, 10.9872, 2997
-3.849, -0.7546, 10.5948, 3027
-4.6188, -0.3773, 9.4176, 3073
-5.0037, -1.1319, 9.4176, 3105
-5.7735, -1.5092, 9.4176, 3150
-4.6188, -1.8865, 8.2404, 3195
-2.3094, -1.5092, 7.848, 3228
-1.9245, -1.1319, 8.2404, 3273
0.3849, -0.7546, 9.0252, 3322
1.1547, 0.3773, 8.6328, 3351
1.9245, 1.5092, 10.5948, 3398
1.9245, 2.6411, 9.809999, 3430
3.849, 0.3773, 10.9872, 3474
3.849, 0.7546, 10.5948, 3522
3.0792, 0.3773, 10.2024, 3553
2.6943, 1.1319, 10.9872, 3599
1.9245, 0.7546, 10.2024, 3631
1.5396, 0.3773, 10.5948, 3676
0.7698, 1.1319, 9.809999, 3724
1.5396, 0, 9.809999, 3755
0.3849, 1.1319, 10.2024, 3817
-1.1547, 1.5092, 9.4176, 3847
-0.7698, 0.7546, 9.809999, 3877
-1.1547, 0.7546, 9.4176, 3924
-1.5396, 1.5092, 10.5948, 3956
-1.1547, 0.7546, 10.5948, 4001
-0.7698, 0.3773, 10.9872, 4048
-1.9245, 1.1319, 10.5948, 4079
-2.6943, 1.1319, 8.6328, 4128
-1.5396, 1.1319, 8.2404, 4161
-1.1547, 0.7546, 9.0252, 4207
-1.5396, 0.3773, 8.2404, 4237
-1.5396, 0.7546, 8.6328, 4299
-1.1547, 0.3773, 9.0252, 4329
-0.7698, 0.7546, 9.4176, 4360
-0.7698, 0, 10.2024, 4406
-0.7698, 0.3773, 12.1644, 4440
-1.1547, 1.5092, 10.5948, 4484
-0.3849, 2.2638, 9.4176, 4531
0, 1.8865, 10.5948, 4562
0.7698, 0.7546, 9.4176, 4608
-0.3849, 1.5092, 12.5568, 4639
0.7698, 2.6411, 7.848, 4684
0, 0, 8.6328, 4732
0.7698, 1.8865, 10.2024, 4764
1.1547, -1.1319, 9.4176, 4810
0.3849, 1.5092, 12.1644, 4841
-0.7698, 0, 10.2024, 4887
-0.3849, -1.5092, 9.4176, 4935
0.3849, 0.7546, 9.809999, 4965
-0.3849, 0.7546, 10.2024, 5011
0.3849, 0.3773, 10.2024, 5042
0, 0.3773, 10.2024, 5087
0.3849, 0.3773, 9.809999, 5134
0.3849, 0.3773, 9.4176, 5166
0.3849, 1.5092, 9.809999, 5211
0, 0.3773, 9.809999, 5258
0.7698, 0.3773, 9.4176, 5289
0, 0.3773, 10.2024, 5334
0, 0.7546, 9.809999, 5366
0, 0.7546, 9.809999, 5413
0, 0.7546, 9.809999, 5460
0, 0.7546, 9.809999, 5490
0.3849, 0.3773, 9.809999, 5537
0, 0.7546, 9.809999, 5567
0, 0.7546, 9.809999, 5613
0.7698, 1.1319, 10.5948, 5660
1.5396, 0.7546, 12.5568, 5692
3.0792, 0, 12.1644, 5738
6.5433, 0.3773, 13.734, 5787
17.3205, 3.0184, 12.1644, 5815
23.4789, 5.6595, 8.2404, 5863
16.1658, 0.7546, -2.3544, 5894
-10.3923, -4.1503, -1.1772, 5941
-33.8712, -7.546, 16.0884, 5971
-19.245, 3.3957, 8.6328, 6017
-9.6225, 0.7546, 7.848, 6065
-5.7735, -2.2638, 9.4176, 6095
-3.849, -0.3773, 8.6328, 6140
-3.4641, -1.1319, 9.809999, 6173
-2.6943, -1.1319, 8.2404, 6217
-3.4641, -0.7546, 10.9872, 6263
-3.0792, -0.7546, 9.4176, 6295
-2.6943, -0.3773, 9.809999, 6343
-2.6943, -0.7546, 10.2024, 6373
-2.6943, -0.3773, 9.0252, 6419
-2.6943, -0.7546, 9.0252, 6467
-3.0792, 0, 10.2024, 6498
-2.6943, -1.1319, 9.0252, 6544
-2.6943, -0.7546, 9.809999, 6575
-2.6943, -0.3773, 9.809999, 6621
-3.0792, 0, 9.809999, 6669
-3.0792, -0.7546, 9.4176, 6700
-3.849, 0, 9.809999, 6746
-4.2339, 0, 9.809999, 6777
-3.849, -0.3773, 9.0252, 6824
-4.6188, 0, 8.6328, 6871
-4.6188, -1.1319, 8.2404, 6903
-4.2339, -1.5092, 8.6328, 6949
-5.3886, -0.3773, 9.809999, 6980
-4.6188, -1.1319, 8.2404, 7026
-2.3094, -1.1319, 8.2404, 7073
-2.6943, -0.7546, 9.0252, 7104
-1.1547, -0.3773, 8.2404, 7150
-0.3849, 0, 8.6328, 7181
0.3849, 0, 9.809999, 7226
0, 0.3773, 10.2024, 7276
0.7698, 0.7546, 9.809999, 7306
0.7698, 0.7546, 10.5948, 7353
1.5396, -0.3773, 10.5948, 7383
1.5396, -0.3773, 9.809999, 7431
1.9245, 0.7546, 9.809999, 7476
1.5396, 0.3773, 10.2024, 7507
1.5396, 1.5092, 9.809999, 7552
1.5396, 0.7546, 10.2024, 7584
1.1547, 0.3773, 10.2024, 7630
0.7698, 0.3773, 10.2024, 7678
0.7698, 1.1319, 10.5948, 7709
0.7698, 0, 10.2024, 7755
0.3849, 1.1319, 10.5948, 7786
0, 1.1319, 10.2024, 7832
0.3849, 0.3773, 9.4176, 7879
0.3849, 0.7546, 9.4176, 7910
0.3849, 0.3773, 9.809999, 7973
0, 0.7546, 10.2024, 7988
0, 0.7546, 10.2024, 8035
-0.3849, 0.7546, 10.2024, 8083
0, 0.3773, 9.809999, 8113
0, 0.3773, 9.809999, 8160
0, 0.3773, 9.809999, 8191
0.3849, 0.3773, 9.809999, 8242
0.3849, 0.3773, 9.809999, 8283
0.3849, 0.3773, 9.809999, 8314
0.3849, 0.7546, 9.809999, 8362
0.3849, 0.3773, 10.2024, 8394
0.7698, 0.7546, 9.809999, 8439
1.1547, 0.3773, 9.809999, 8487
2.6943, 0.7546, 10.2024, 8517
4.2339, 0.3773, 10.9872, 8564
6.9282, 1.1319, 11.772, 8595
8.4678, 1.1319, 10.9872, 8641
9.2376, 1.8865, 10.5948, 8689
8.0829, 1.8865, 9.4176, 8719
3.4641, 1.5092, 6.6708, 8766
-4.6188, -1.1319, 4.3164, 8797
-10.7772, -2.6411, 5.4936, 8842
-13.4715, -4.1503, 7.4556, 8889
-11.547, 0, 13.3416, 8920
-6.9282, -0.3773, 10.9872, 8966
-4.6188, -1.5092, 10.2024, 9015
-3.0792, -2.6411, 9.4176, 9043
-1.9245, -2.2638, 9.0252, 9090
-2.3094, -1.1319, 10.2024, 9121
-1.9245, -1.1319, 9.4176, 9168
-1.5396, -0.7546, 9.0252, 9198
-1.9245, -1.1319, 9.809999, 9245
-1.5396, -1.1319, 10.2024, 9292
-1.9245, -1.1319, 9.809999, 9323
-1.5396, -0.7546, 9.4176, 9370
-1.5396, -0.7546, 10.2024, 9403
-1.5396, -0.7546, 9.0252, 9448
-1.5396, -0.3773, 9.4176, 9494
-1.5396, -1.5092, 9.809999, 9526
-1.5396, -1.1319, 9.809999, 9573
-1.9245, -0.7546, 9.809999, 9604
-1.5396, -1.1319, 9.809999, 9650
-1.9245, -1.1319, 9.4176, 9697
-1.9245, -0.7546, 9.0252, 9728
-1.9245, -1.5092, 9.809999, 9774
-1.9245, -1.1319, 9.809999, 9807
-3.0792, 0, 10.5948, 9850
-3.4641, -0.3773, 9.809999, 9897
-3.4641, -0.3773, 9.809999, 9928
-3.4641, -1.1319, 9.4176, 9975
-2.3094, -0.3773, 8.2404, 10005
-2.6943, 0, 10.2024, 10052
-2.3094, 0, 8.6328, 10100
-0.7698, 0, 8.6328, 10131
-0.7698, 0.7546, 9.0252, 10177
0, 0.3773, 10.2024, 10210
1.1547, 0.7546, 8.2404, 10257
1.1547, 0, 9.809999, 10290
1.1547, 0.7546, 9.809999, 10335
1.5396, 0, 10.5948, 10383
1.1547, 0.3773, 10.9872, 10413
2.3094, -0.3773, 10.5948, 10458
2.3094, 0, 10.5948, 10489
2.6943, 0.7546, 10.5948, 10537
2.6943, 1.8865, 11.3796, 10584
1.9245, 1.1319, 9.4176, 10615
0.7698, 0.7546, 9.809999, 10661
2.3094, -0.7546, 10.2024, 10692
1.9245, 1.1319, 9.4176, 10755
2.3094, 0.7546, 10.2024, 10785
2.3094, 0.7546, 9.4176, 10817
1.9245, 1.5092, 9.4176, 10863
1.5396, 1.5092, 9.4176, 10895
1.5396, 1.5092, 8.6328, 10941
1.1547, 1.8865, 9.4176, 10988
1.5396, 1.1319, 9.0252, 11019
1.1547, 1.5092, 10.2024, 11064
0.7698, 1.5092, 10.2024, 11098
1.1547, 1.5092, 9.809999, 11142
1.5396, 1.5092, 9.809999, 11191
1.5396, 1.5092, 9.4176, 11222
2.3094, 1.8865, 9.4176, 11269
3.849, 1.5092, 9.809999, 11301
6.9282, 1.5092, 9.4176, 11348
10.3923, 0.7546, 10.5948, 11379
13.8564, 0, 12.5568, 11425
13.0866, 0.7546, 11.3796, 11487
4.2339, 0.7546, 10.2024, 11502
-3.849, -3.773, 5.1012, 11566
-15.7809, -2.6411, 7.0632, 11597
-20.3997, 5.6595, 9.809999, 11627
-10.0074, 1.8865, 7.4556, 11675
-4.6188, -0.7546, 10.5948, 11705
-3.0792, -1.8865, 7.848, 11753
-1.9245, -1.1319, 8.6328, 11782
-1.9245, -1.1319, 9.809999, 11828
-1.9245, 0, 10.2024, 11876
-1.9245, -0.7546, 10.9872, 11906
-1.1547, -1.1319, 9.809999, 11951
-1.5396, -0.7546, 9.0252, 11982
-1.9245, 0, 9.4176, 12045
-1.9245, 0.3773, 9.809999, 12077
-1.5396, -1.5092, 9.0252, 12107
-1.1547, -0.7546, 9.4176, 12154
-1.5396, -0.3773, 10.5948, 12187
-1.1547, -0.7546, 9.809999, 12232
-1.5396, -0.3773, 9.809999, 12278
-1.5396, -0.7546, 9.809999, 12309
-1.1547, -0.7546, 9.4176, 12355
-1.5396, -0.3773, 9.809999, 12386
-1.5396, -0.3773, 9.809999, 12432
-1.5396, -0.3773, 9.4176, 12479
-1.5396, 0, 9.4176, 12511
-1.9245, -0.3773, 9.809999, 12554
-2.3094, 0, 9.809999, 12603
-2.6943, -0.3773, 10.5948, 12634
-3.4641, -0.3773, 10.2024, 12682
-3.4641, -1.1319, 9.0252, 12713
-3.849, -1.8865, 9.4176, 12754
-5.7735, 0, 10.5948, 12794
-5.0037, -1.1319, 8.2404, 12839
-3.4641, -1.8865, 6.6708, 12870
-3.4641, -0.3773, 9.0252, 12917
-1.5396, -0.3773, 8.6328, 12965
0.7698, 0, 7.848, 12996
1.1547, 0.7546, 10.9872, 13042
1.1547, -0.3773, 10.2024, 13073
1.5396, -0.3773, 10.2024, 13119
1.9245, 0.7546, 9.809999, 13168
2.3094, 0.3773, 9.4176, 13198
2.6943, 0.3773, 9.809999, 13245
2.3094, 1.5092, 10.2024, 13276
1.9245, 0.7546, 10.2024, 13322
1.9245, 1.5092, 9.809999, 13370
1.1547, 1.8865, 10.9872, 13401
1.1547, 1.5092, 10.9872, 13448
1.1547, 0.7546, 9.809999, 13479
0.7698, 0.7546, 9.809999, 13525
0.7698, 1.1319, 9.4176, 13572
0, 0.7546, 10.2024, 13603
0, 1.5092, 10.2024, 13649
-0.3849, 1.1319, 9.809999, 13680
0, 1.5092, 9.809999, 13726
0, 1.1319, 9.809999, 13773
0, 1.1319, 9.4176, 13805
0, 1.1319, 9.809999, 13849
0.3849, 1.1319, 9.809999, 13883
1.5396, 0.7546, 10.5948, 13930
3.849, 1.5092, 10.5948, 13960
6.9282, 1.5092, 10.5948, 14006
10.3923, 2.2638, 13.3416, 14053
11.547, 1.5092, 12.9492, 14084
8.0829, 0.7546, 8.2404, 14131
3.0792, -1.1319, 5.886, 14177
-5.0037, -5.2822, 3.1392, 14208
-13.8564, -3.3957, 9.809999, 14256
-16.1658, 1.1319, 10.5948, 14286
-10.0074, 1.5092, 12.5568, 14332
-5.3886, 2.6411, 11.3796, 14365
-3.4641, 0, 10.5948, 14427
-2.3094, -1.8865, 8.6328, 14457
-1.5396, -0.7546, 8.6328, 14504
-1.5396, -0.7546, 9.0252, 14534
-1.1547, -0.3773, 8.6328, 14565
-1.5396, -0.3773, 9.809999, 14612
-0.7698, -1.1319, 9.0252, 14661
-1.5396, 0, 9.4176, 14692
-1.1547, -0.3773, 9.4176, 14753
-1.1547, -0.3773, 9.809999, 14784
-1.5396, -0.3773, 9.809999, 14814
-1.5396, -0.3773, 10.2024, 14861
-1.9245, 0, 9.809999, 14891
-1.1547, -0.3773, 10.2024, 14937
-1.1547, -0.7546, 9.809999, 14968
-1.1547, -0.7546, 9.4176, 15015
-1.5396, -0.3773, 10.2024, 15063
-1.1547, -0.7546, 9.4176, 15094
-1.1547, -0.3773, 9.4176, 15140
-1.5396, -0.7546, 9.809999, 15171
-1.5396, -0.3773, 9.809999, 15218
-1.9245, -0.7546, 10.5948, 15265
-2.6943, -0.7546, 10.2024, 15299
-3.0792, -0.3773, 9.0252, 15344
-3.4641, -0.7546, 8.6328, 15375
-6.5433, -0.7546, 10.5948, 15421
-6.9282, -0.7546, 8.6328, 15468
-6.1584, -1.8865, 7.848, 15499
-4.6188, 0, 9.4176, 15545
-0.7698, -2.2638, 8.6328, 15577
1.5396, -1.8865, 8.2404, 15622
1.5396, 2.2638, 9.4176, 15669
1.9245, 0.3773, 9.4176, 15700
3.0792, 0.3773, 9.809999, 15748
2.6943, 1.1319, 10.2024, 15779
1.9245, 1.5092, 10.2024, 15824
2.6943, 2.6411, 10.5948, 15871
2.6943, 1.8865, 9.809999, 15901
2.3094, 2.6411, 10.5948, 15947
1.5396, 1.5092, 10.2024, 15979
0.7698, 1.5092, 9.809999, 16026
-0.3849, 2.2638, 10.9872, 16072
-0.3849, 1.8865, 9.809999, 16103
0, 1.5092, 9.809999, 16148
0, 1.8865, 10.2024, 16181
0, 1.8865, 9.0252, 16228
0, 1.5092, 9.4176, 16274
0, 1.8865, 9.809999, 16305
0, 1.5092, 9.809999, 16351
0, 1.5092, 9.4176, 16381
0, 1.5092, 9.809999, 16428
0, 1.5092, 9.809999, 16475
0, 1.8865, 9.809999, 16507
0, 1.5092, 9.809999, 16554
0.3849, 1.5092, 9.4176, 16585
0.3849, 1.5092, 9.809999, 16631
0, 1.8865, 9.809999, 16677
0, 1.8865, 9.809999, 16708
0, 1.8865, 9.809999, 16755
0, 1.8865, 9.809999, 16786
0.3849, 1.5092, 9.809999, 16832
0.7698, 1.5092, 9.4176, 16879
0.7698, 1.5092, 9.4176, 16927
0.7698, 1.5092, 9.809999, 16957
2.3094, 1.1319, 11.772, 16989
7.3131, 1.8865, 13.734, 17050
16.5507, 3.773, 13.734, 17080
28.0977, 3.0184, 14.9112, 17111
24.6336, -2.6411, 0, 17156
-10.0074, -9.4325, -13.3416, 17203
-45.0333, -4.1503, 22.3668, 17235
-25.0185, 11.6963, 13.734, 17281
-8.0829, 6.0368, 5.1012, 17312
-4.2339, -11.6963, 4.7088, 17358
-2.3094, -1.5092, 7.0632, 17405
-4.6188, 0, 12.9492, 17437
-4.2339, 0, 9.0252, 17483
-3.4641, 0.3773, 9.809999, 17515
-2.6943, -0.7546, 10.9872, 17561
-2.3094, 0.7546, 9.0252, 17607
-2.6943, 0.7546, 9.809999, 17638
-2.6943, 0.3773, 9.0252, 17685
-2.6943, 0.3773, 9.4176, 17716
-2.6943, 0.3773, 10.2024, 17764
-2.3094, 0, 9.4176, 17794
-2.6943, 0, 9.4176, 17840
-2.6943, 0, 9.809999, 17888
-2.3094, -0.3773, 9.0252, 17918
-2.6943, 0, 9.809999, 17964
-3.4641, 0.7546, 10.2024, 17995
-4.2339, 0, 9.0252, 18043
-4.2339, -0.3773, 8.2404, 18090
-5.7735, -0.3773, 8.2404, 18121
-4.6188, -1.1319, 7.848, 18166
-4.6188, -1.1319, 9.809999, 18198
-5.0037, -1.1319, 9.809999, 18243
-4.6188, 0.3773, 8.6328, 18291
-2.3094, 0, 9.0252, 18323
-0.3849, -0.3773, 8.2404, 18368
1.5396, 0.3773, 8.6328, 18399
1.5396, 0.7546, 11.3796, 18464
2.3094, 0.3773, 10.2024, 18495
2.6943, 0.7546, 9.809999, 18527
2.6943, 0.7546, 10.5948, 18573
2.6943, 0.7546, 10.9872, 18604
2.6943, 0.7546, 10.2024, 18650
1.9245, 1.1319, 10.9872, 18697
1.9245, 1.8865, 10.2024, 18728
1.9245, 1.1319, 9.0252, 18777
1.9245, 1.1319, 9.0252, 18807
1.5396, 1.5092, 9.4176, 18854
0.7698, 1.5092, 9.809999, 18883
0.3849, 2.2638, 10.5948, 18928
0, 1.8865, 10.5948, 18976
0.3849, 1.8865, 10.2024, 19007
0.3849, 1.8865, 10.2024, 19054
0, 1.8865, 9.809999, 19085
0.7698, 1.5092, 9.0252, 19131
0.7698, 1.5092, 9.0252, 19180
0.3849, 1.5092, 9.809999, 19210
0.3849, 1.8865, 9.4176, 19256
0.7698, 1.5092, 9.809999, 19302
1.1547, 1.5092, 9.809999, 19333
1.5396, 1.5092, 9.4176, 19381
2.6943, 1.1319, 9.809999, 19410
3.4641, 1.8865, 11.3796, 19457
5.7735, 1.8865, 11.3796, 19488
10.7772, 1.5092, 10.5948, 19534
14.6262, 1.5092, 13.734, 19597
14.6262, 2.6411, 11.772, 19629
10.7772, -1.5092, 0, 19658
-8.0829, -2.6411, 4.7088, 19705
-26.5581, -4.5276, 4.3164, 19737
-17.3205, 9.4325, 12.5568, 19782
-8.8527, 6.0368, 12.5568, 19813
-5.7735, -0.7546, 6.6708, 19858
-3.4641, -4.1503, 6.2784, 19905
-2.6943, -2.2638, 9.4176, 19936
-3.4641, 1.1319, 10.2024, 19980
-3.0792, 0.7546, 10.2024, 20027
-3.0792, 0.7546, 10.9872, 20058
-2.3094, 0, 9.809999, 20103
-2.6943, 1.1319, 9.809999, 20149
-3.0792, 0.7546, 9.0252, 20180
-2.6943, 0, 9.0252, 20226
-2.6943, 0, 9.4176, 20257
-3.0792, 0.3773, 9.4176, 20303
-3.4641, 0.7546, 9.4176, 20349
-4.2339, 0.3773, 9.0252, 20380
-4.2339, 0.3773, 9.0252, 20426
-4.6188, 0, 10.2024, 20457
-5.0037, -0.7546, 9.809999, 20505
-5.3886, -1.8865, 9.809999, 20551
-5.3886, 0, 10.2024, 20582
-4.6188, -0.3773, 9.4176, 20628
-1.5396, -0.3773, 7.0632, 20658
-0.3849, -1.5092, 9.4176, 20705
0.7698, -1.1319, 8.6328, 20753
0.7698, 0.7546, 9.0252, 20784
1.1547, -1.1319, 9.0252, 20832
1.5396, 0, 8.6328, 20860
1.5396, 0, 11.3796, 20907
1.9245, -0.3773, 9.4176, 20953
2.3094, 1.5092, 9.0252, 20984
2.6943, 1.1319, 9.809999, 21029
2.3094, 1.8865, 8.6328, 21062
2.6943, 1.5092, 8.6328, 21108
3.0792, 0.3773, 10.2024, 21155
3.4641, 0.7546, 9.809999, 21185
2.6943, 1.5092, 10.5948, 21233
1.9245, 1.5092, 10.5948, 21279
1.5396, 1.8865, 10.2024, 21309
1.5396, 1.8865, 9.809999, 21357
1.1547, 2.2638, 10.2024, 21388
1.1547, 1.8865, 9.809999, 21433
1.1547, 1.8865, 10.2024, 21481
1.1547, 1.1319, 9.809999, 21511
1.1547, 1.8865, 9.809999, 21559
1.1547, 1.8865, 9.4176, 21588
1.1547, 1.8865, 9.809999, 21634
1.1547, 1.8865, 9.809999, 21681
1.5396, 1.5092, 9.809999, 21714
1.5396, 1.5092, 9.4176, 21758
1.5396, 1.5092, 9.4176, 21791
1.5396, 1.8865, 9.809999, 21837
2.3094, 1.5092, 9.4176, 21868
3.0792, 1.1319, 9.809999, 21915
3.849, 1.8865, 9.0252, 21962
4.6188, 1.5092, 9.4176, 21993
5.0037, 1.1319, 10.5948, 22039
5.3886, 1.5092, 10.5948, 22086
4.2339, 1.5092, 11.772, 22117
3.849, 0, 10.9872, 22164
1.5396, 1.5092, 9.0252, 22195
-1.5396, 1.8865, 9.4176, 22242
-2.6943, 0.7546, 8.6328, 22289
-4.2339, 2.2638, 7.4556, 22320
-5.7735, -0.3773, 9.0252, 22367
-5.3886, 1.1319, 8.2404, 22398
-4.6188, 1.1319, 9.809999, 22445
-3.849, 1.5092, 10.2024, 22476
-3.0792, 1.8865, 9.4176, 22524
-2.3094, 1.1319, 10.2024, 22573
-2.3094, 0.7546, 9.809999, 22600
-1.5396, 0.3773, 10.2024, 22648
-1.5396, 0.7546, 10.2024, 22678
-1.1547, 0, 9.4176, 22723
-1.1547, 0, 9.809999, 22771
-1.1547, 0, 9.809999, 22802
-1.1547, 0.3773, 9.809999, 22850
-1.1547, 0.3773, 9.809999, 22881
-1.5396, 0.3773, 9.809999, 22928
-1.5396, 0.3773, 10.2024, 22960
-1.5396, 0, 10.2024, 23006
-2.3094, 0.7546, 9.809999, 23055
-3.0792, 1.8865, 9.4176, 23085
-3.0792, 1.1319, 9.0252, 23130
-4.2339, 1.1319, 10.5948, 23161
-6.9282, 1.5092, 10.9872, 23206
-6.1584, 0, 7.848, 23256
-5.7735, 0.7546, 9.809999, 23287
-3.849, -0.3773, 7.4556, 23333
-1.1547, -0.3773, 7.4556, 23363
1.5396, 0, 9.809999, 23410
1.9245, 1.1319, 7.848, 23471
2.6943, 0.7546, 10.2024, 23487
3.849, 0.7546, 8.6328, 23533
4.6188, 0.3773, 9.4176, 23565
4.6188, 1.5092, 9.809999, 23610
4.2339, 3.0184, 9.4176, 23657
4.2339, 1.5092, 9.809999, 23687
4.6188, 1.5092, 8.6328, 23735
3.4641, 2.2638, 9.809999, 23767
3.0792, 2.2638, 9.809999, 23814
2.6943, 3.0184, 10.2024, 23861
1.9245, 3.3957, 10.2024, 23891
1.9245, 3.0184, 9.4176, 23938
1.9245, 3.0184, 9.4176, 23969
1.5396, 2.6411, 9.4176, 24015
1.9245, 2.6411, 8.6328, 24061
1.5396, 2.6411, 9.0252, 24092
1.5396, 2.6411, 9.4176, 24138
1.5396, 2.6411, 9.809999, 24185
1.9245, 2.6411, 9.0252, 24215
1.9245, 2.6411, 9.4176, 24262
2.3094, 2.2638, 9.4176, 24293
2.3094, 2.2638, 9.4176, 24332
3.0792, 2.2638, 9.4176, 24386
4.6188, 1.1319, 10.2024, 24417
7.698, 3.3957, 10.5948, 24464
11.547, 2.2638, 10.5948, 24495
15.7809, 2.6411, 10.5948, 24542
13.8564, 1.1319, 8.2404, 24573
5.7735, -1.1319, 0, 24619
-11.1621, -6.4141, 7.0632, 24666
-26.1732, -3.3957, 9.0252, 24697
-17.3205, 10.5644, 9.809999, 24739
-7.698, 9.4325, 11.3796, 24775
-5.0037, -3.773, 7.848, 24822
-3.0792, -3.773, 5.886, 24872
-3.0792, 0.3773, 10.2024, 24901
-3.0792, -0.3773, 10.5948, 24946
-2.3094, 0.7546, 9.0252, 24979
-1.9245, 0, 10.2024, 25024
-1.9245, -0.3773, 9.809999, 25073
-2.3094, 0.7546, 8.6328, 25103
-2.3094, 0.7546, 9.0252, 25149
-2.3094, 0.3773, 9.4176, 25180
-1.9245, 0.3773, 9.4176, 25227
-2.3094, 0.3773, 10.2024, 25273
-2.3094, 0, 10.2024, 25305
-2.3094, 0.3773, 9.809999, 25352
-2.3094, 0, 9.809999, 25382
-3.0792, 0.3773, 9.0252, 25427
-3.4641, 1.1319, 9.4176, 25475
-4.2339, 0.3773, 10.2024, 25506
-4.2339, 0, 8.6328, 25552
-5.7735, 0.3773, 10.5948, 25599
-7.698, -0.7546, 10.5948, 25629
-6.5433, -2.2638, 7.848, 25676
-4.2339, -1.8865, 8.2404, 25709
-1.9245, -1.1319, 9.4176, 25753
0.7698, -0.7546, 7.4556, 25784
1.5396, -1.1319, 7.0632, 25831
2.6943, 1.8865, 8.2404, 25876
2.6943, 1.5092, 9.0252, 25907
2.6943, 1.1319, 9.809999, 25952
3.0792, 0, 11.3796, 26000
3.4641, 2.2638, 9.809999, 26031
3.849, 1.1319, 10.9872, 26076
4.2339, 1.5092, 9.809999, 26106
3.4641, 1.8865, 10.2024, 26154
2.6943, 1.1319, 10.2024, 26200
1.9245, 1.5092, 10.2024, 26232
1.5396, 1.8865, 10.5948, 26278
1.1547, 1.5092, 10.2024, 26310
0.7698, 1.8865, 9.809999, 26357
0.7698, 1.8865, 10.2024, 26405
0.3849, 1.8865, 9.4176, 26434
0.7698, 1.5092, 9.4176, 26482
1.1547, 1.5092, 9.809999, 26512
0.7698, 1.5092, 9.4176, 26559
0.7698, 1.5092, 9.809999, 26591
1.1547, 1.5092, 9.4176, 26636
0.7698, 1.5092, 9.809999, 26681
1.1547, 1.5092, 9.809999, 26713
1.1547, 1.8865, 9.809999, 26758
1.1547, 1.5092, 9.809999, 26805
1.5396, 1.5092, 9.4176, 26836
2.6943, 1.1319, 10.5948, 26882
4.6188, 0.7546, 12.1644, 26929
7.3131, 1.8865, 10.9872, 26959
11.1621, 1.1319, 9.809999, 27005
15.396, 0, 9.4176, 27036
13.4715, -0.3773, 6.6708, 27081
6.5433, -0.3773, 3.1392, 27128
-8.4678, -3.773, 4.7088, 27160
-19.245, -3.3957, 6.2784, 27206
-20.7846, 6.4141, 16.8732, 27254
-8.0829, 6.7914, 11.3796, 27284
-3.4641, 0.7546, 9.4176, 27331
-3.4641, -3.0184, 7.4556, 27364
-1.1547, -0.7546, 9.0252, 27408
-1.5396, 0.3773, 10.9872, 27438
-0.7698, 0, 10.2024, 27486
-1.1547, 0, 9.809999, 27534
-0.3849, -0.7546, 10.5948, 27564
-1.1547, 0, 10.2024, 27611
-1.1547, 0, 9.0252, 27640
-1.1547, 0, 9.809999, 27689
-1.1547, 0, 9.809999, 27720
-0.7698, 0, 9.0252, 27767
-1.1547, 0, 10.2024, 27813
-1.1547, 0, 9.809999, 27893
-1.1547, 0.3773, 9.4176, 27893
-1.1547, 0, 9.809999, 27938
-1.5396, -0.3773, 10.2024, 27967
-1.5396, 0, 10.2024, 28014
-1.9245, 0, 10.2024, 28045
-2.3094, -0.3773, 10.5948, 28091
-3.0792, 0.7546, 9.809999, 28138
-4.2339, 0.3773, 10.2024, 28169
-5.0037, -0.7546, 8.2404, 28217
-4.2339, -1.1319, 7.848, 28248
-4.6188, 2.2638, 9.809999, 28294
-1.9245, 0.3773, 8.2404, 28341
-0.7698, 0, 7.4556, 28373
0.3849, 1.1319, 10.2024, 28419
1.1547, 0.3773, 10.2024, 28451
2.6943, 1.1319, 9.4176, 28496
4.6188, -0.3773, 9.809999, 28527
5.0037, 0, 10.5948, 28574
5.0037, 0, 10.5948, 28621
4.2339, -0.3773, 10.9872, 28653
3.4641, 0, 11.772, 28699
2.6943, 0.7546, 10.9872, 28730
1.9245, 1.1319, 9.4176, 28777
1.5396, 1.1319, 9.809999, 28810
1.1547, 1.1319, 8.6328, 28856
0.7698, 1.5092, 10.2024, 28901
1.1547, 0.7546, 9.4176, 28932
0.7698, 1.5092, 9.4176, 28979
0.7698, 1.5092, 10.2024, 29026
0.3849, 1.8865, 9.809999, 29058
0.7698, 1.5092, 9.809999, 29103
0.7698, 1.5092, 9.809999, 29135
0.7698, 1.1319, 9.4176, 29180
0.7698, 1.1319, 9.809999, 29227
0.3849, 1.1319, 9.809999, 29257
0.7698, 1.1319, 9.809999, 29303
1.1547, 1.1319, 9.4176, 29351
1.1547, 0.7546, 10.2024, 29380
1.1547, 0.7546, 10.2024, 29426
3.4641, 0.3773, 2.7468, 29458
1.5396, 0.7546, 11.772, 29504
1.5396, 1.8865, 10.5948, 29550
0.3849, 0.7546, 8.6328, 29595
1.1547, 0.3773, 10.2024, 29628
1.9245, 0.7546, 10.2024, 29676
1.1547, 0.3773, 9.0252, 29707
0.3849, 0.3773, 11.3796, 29769
0.3849, 0, 9.0252, 29783
0.3849, 0.3773, 9.0252, 29830
0.3849, 0.3773, 10.5948, 29878
0.3849, 0.3773, 9.4176, 29908
-0.3849, 0.7546, 10.5948, 29954
0.3849, 1.1319, 10.2024, 29985
1.1547, 0.7546, 9.4176, 30029
0.3849, 0.3773, 9.809999, 30063
-0.3849, 0.3773, 9.809999, 30109
0.7698, 0.7546, 9.4176, 30156
0, 0.3773, 9.809999, 30188
0, 0.3773, 9.809999, 30235
0, 0, 9.809999, 30267
0, 0, 9.809999, 30313
0, 0, 9.4176, 30344
-0.7698, 0, 10.2024, 30391
-0.3849, 0, 9.4176, 30437
0.7698, 0.7546, 10.2024, 30469
0, 0.3773, 10.2024, 30515
0, 0.3773, 9.809999, 30546
0, 0.3773, 10.2024, 30592
0, 0.3773, 9.809999, 30639
-0.3849, 0.3773, 10.2024, 30671
