X Acceleration (m/s^2), Y Acceleration (m/s^2), Z Acceleration (m/s^2), Time (milliseconds)
-1.05, -0.7, 9.8, 1585
-1.4, -0.7, 10.15, 22
-1.05, -0.7, 9.8, 66
-1.4, -0.7, 9.45, 97
-1.4, -0.7, 9.8, 143
-1.05, -0.35, 9.45, 191
-1.4, -0.7, 9.8, 222
-1.4, -0.7, 9.8, 268
-1.4, -0.7, 9.45, 298
-1.4, -0.7, 9.8, 344
-1.4, -0.7, 9.8, 391
-1.05, -0.35, 9.45, 421
-1.05, -0.35, 9.8, 468
-1.05, -0.7, 9.8, 499
-1.05, -0.35, 9.45, 546
-0.7, -0.35, 10.15, 592
0.35, -0.35, 10.5, 623
1.75, -0.35, 11.9, 669
5.95, -0.7, 14.7, 716
11.55, 0.35, 11.9, 747
9.099999, 1.4, 7.35, 793
-2.45, 1.4, 8.05, 825
-4.55, 4.2, -3.5, 872
-18.2, -4.55, 11.2, 903
-9.8, 1.05, 7.7, 949
-10.85, -3.15, 10.85, 999
-5.25, 1.4, 7.7, 1029
-3.85, 0.7, 8.75, 1074
-3.5, 0.35, 9.45, 1106
-3.85, 0.7, 9.8, 1151
-3.5, 0, 9.45, 1198
-3.5, -0.35, 9.45, 1230
-3.5, 0, 9.45, 1292
-2.8, 0, 9.45, 1321
-2.8, 0.35, 9.45, 1352
-2.45, 0.35, 9.45, 1416
-2.8, 0, 9.099999, 1430
-2.8, 0.35, 9.099999, 1477
-2.8, 0.35, 9.45, 1509
-2.45, 0.7, 9.45, 1555
-2.45, 0.35, 9.45, 1601
-2.8, 0.35, 9.45, 1632
-2.45, 0.7, 9.45, 1678
-2.45, 0.7, 9.45, 1724
-2.45, 0.35, 9.45, 1756
-2.45, 0.7, 9.45, 1803
-2.45, 0.7, 9.099999, 1850
-2.45, 0.35, 9.8, 1880
-2.45, 0.35, 9.45, 1912
-2.45, 0.7, 9.45, 1957
-2.45, 0.35, 9.45, 2006
-2.45, 0.35, 9.45, 2036
-2.45, 0.7, 9.45, 2083
-2.45, 0.35, 9.45, 2114
-2.45, 0.35, 9.45, 2160
-2.45, 0.7, 9.099999, 2208
-2.45, 0.35, 9.45, 2238
-2.45, 0.7, 9.8, 2285
-2.45, 0.7, 9.099999, 2317
-2.45, 0.7, 9.45, 2361
-2.45, 0.35, 9.45, 2408
-2.45, 0.35, 9.45, 2440
-2.45, 0.35, 9.45, 2486
-2.45, 0.7, 9.099999, 2517
-2.45, 0.7, 9.099999, 2564
-2.8, 0.7, 9.8, 2611
-2.8, 0.7, 9.099999, 2642
-2.45, 0.7, 9.8, 2689
-3.5, 0.7, 8.75, 2720
-2.8, 1.05, 9.45, 2765
-2.1, 1.05, 9.099999, 2812
-3.85, 0.35, 10.5, 2843
-3.85, 0.7, 10.5, 2888
-2.1, 0.7, 10.15, 2920
-2.8, 0.35, 9.8, 2969
-2.45, 0.35, 10.5, 3015
-1.75, 0.35, 9.099999, 3046
-2.1, 0, 10.15, 3092
-1.4, 0, 9.8, 3124
-2.1, -0.35, 9.8, 3169
0, 0.7, 9.8, 3216
-1.4, 0, 8.05, 3247
-3.15, -0.7, 9.8, 3294
0, 0, 9.45, 3323
-1.05, 0, 8.75, 3370
-1.05, -0.35, 10.15, 3433
-0.35, 0, 8.75, 3464
-1.05, -0.35, 9.099999, 3499
-1.05, -0.35, 9.8, 3526
-0.7, -0.35, 8.75, 3571
0, 0, 9.8, 3617
0.35, 0.35, 9.45, 3650
-0.7, 0, 9.45, 3694
-0.35, 0, 10.15, 3741
-0.35, 0.35, 10.15, 3771
0, 0.35, 10.15, 3817
-0.7, 0.35, 8.75, 3850
-0.7, 0.35, 10.5, 3897
-0.35, 0.35, 10.5, 3943
0, 0.35, 10.5, 3982
-0.7, 0.35, 10.15, 4021
-0.35, 0, 10.15, 4053
0.35, 0, 9.8, 4099
0.35, 0, 9.8, 4131
0.35, 0, 9.45, 4177
0, 0, 10.15, 4224
0, 0, 9.8, 4256
0, 0, 9.8, 4301
0, 0, 9.8, 4332
0, -0.35, 9.8, 4379
0, 0, 9.8, 4426
0, 0, 9.8, 4457
-0.35, 0, 9.8, 4503
0.35, 0.35, 10.15, 4534
0, 0, 9.8, 4580
0, 0, 9.8, 4629
0, 0, 9.8, 4659
0, 0, 9.8, 4705
0, 0, 10.15, 4737
0, 0.35, 9.8, 4783
-0.35, 0, 9.8, 4831
0, 0.35, 9.8, 4862
0, 0.35, 9.8, 4909
0, 0.35, 9.8, 4939
0, 0.35, 9.8, 4984
0, 0.35, 9.8, 5032
0, 0.35, 9.8, 5063
-0.35, 0, 9.45, 5109
-1.05, 0, 9.8, 5141
0, 0.7, 10.15, 5186
0.7, 0.35, 9.45, 5234
0.7, 0.35, 10.5, 5266
4.9, 1.05, 12.95, 5313
10.85, -0.7, 13.65, 5345
22.05, 3.5, 16.8, 5390
16.1, 5.95, 2.45, 5421
-14.7, -3.5, 1.75, 5468
-17.85, -2.1, 4.9, 5514
-14.35, -3.85, 11.2, 5545
-6.3, 1.4, 11.2, 5594
-5.25, 0.7, 11.9, 5624
-3.5, 2.8, 9.45, 5669
-1.05, 1.75, 9.8, 5716
-2.8, 1.4, 9.099999, 5748
-2.45, 0.7, 10.5, 5793
-1.75, 1.05, 9.8, 5824
-1.05, 1.05, 9.8, 5870
-1.75, 0.35, 9.45, 5917
-1.75, 0.7, 10.15, 5948
-1.75, 0.35, 9.45, 5995
-2.1, 0.7, 9.45, 6027
-1.4, 0.7, 9.099999, 6089
-2.1, 0.35, 9.45, 6120
-2.1, 0.35, 9.8, 6151
-1.75, 0.7, 9.45, 6198
-2.1, 0.35, 9.8, 6229
-1.75, 0.7, 9.8, 6275
-2.45, 0.35, 9.45, 6323
-2.45, 0.35, 9.45, 6354
-2.1, 0.7, 9.8, 6401
-2.45, 0.7, 9.8, 6432
-2.8, 0.35, 9.8, 6479
-2.8, 0.35, 9.8, 6524
-2.8, 0.7, 9.099999, 6557
-2.45, 0.35, 9.45, 6600
-2.45, 0.7, 9.45, 6634
-2.8, 0.7, 9.8, 6679
-1.4, 0.7, 8.75, 6726
-6.65, -0.35, 10.15, 6757
-0.7, 1.75, 9.8, 6805
-1.75, 0.7, 9.45, 6834
-2.8, 0.35, 9.45, 6882
-2.45, 0.35, 9.099999, 6928
-2.8, 0, 9.45, 6960
-2.1, 0.35, 9.45, 6997
-2.1, 0.35, 9.8, 7036
-2.1, 0.35, 9.8, 7083
-1.75, 0.35, 9.45, 7130
-1.05, 0.7, 9.45, 7160
-1.05, 0.7, 10.5, 7208
0, 1.05, 10.85, 7239
-0.7, 0.7, 10.15, 7284
0, 0.7, 9.45, 7331
0, 0.35, 9.8, 7362
0, 0.35, 9.8, 7409
-1.4, -0.35, 9.45, 7440
-0.7, 0, 10.15, 7487
0.35, 0.35, 10.15, 7518
-0.7, 0, 9.8, 7565
0, 0, 9.45, 7611
0, 0, 9.45, 7642
0.35, 0.35, 10.15, 7688
-0.7, -0.35, 9.45, 7735
-0.7, 0, 10.15, 7765
-0.7, 0, 9.8, 7812
-0.7, 0, 10.15, 7843
-0.35, 0, 9.8, 7888
-1.05, -0.35, 9.45, 7935
-0.7, 0, 10.15, 7966
-0.7, 0, 9.8, 8012
-1.05, 0, 9.8, 8043
-1.05, 0, 9.8, 8089
-1.05, 0, 9.8, 8136
-1.05, 0, 9.8, 8167
-1.05, 0, 9.45, 8214
-1.05, 0, 9.8, 8246
-0.7, 0, 10.15, 8291
-1.05, 0, 10.15, 8338
-1.05, 0, 9.8, 8369
-0.7, 0, 9.45, 8417
-1.05, 0, 9.8, 8450
-1.05, 0, 9.8, 8493
-1.05, 0, 9.8, 8540
-0.7, 0, 9.8, 8572
-0.7, 0, 9.8, 8617
-1.05, 0, 10.5, 8648
-1.05, 0, 9.8, 8695
-1.05, -0.35, 9.8, 8736
-1.05, 0, 9.45, 8773
-1.05, -0.35, 9.45, 8819
-0.7, 0, 9.45, 8851
-0.7, -0.35, 9.8, 8897
-0.35, -0.35, 10.15, 8944
0.35, 0, 10.5, 8975
1.75, 0, 10.5, 9023
4.9, 0.7, 11.55, 9054
5.25, -0.35, 10.15, 9100
3.85, -1.05, 8.75, 9148
4.9, -1.05, 10.5, 9179
3.15, 0.7, 8.05, 9228
-1.75, 0.7, 9.45, 9257
-5.95, 2.8, 5.95, 9303
-8.4, 2.1, 7.35, 9334
-11.9, -1.05, 11.55, 9381
-10.5, -0.35, 10.5, 9428
-7, 0, 10.15, 9457
-3.85, 1.75, 9.099999, 9503
-1.75, 1.05, 8.4, 9536
-3.15, 0.35, 9.8, 9578
-2.1, 0, 9.8, 9626
-3.15, 0.35, 9.8, 9658
-1.75, 0.35, 9.45, 9704
-2.8, 0, 9.45, 9750
-1.75, 0.35, 9.45, 9780
-2.1, 0.35, 9.099999, 9826
-1.75, 0.35, 9.45, 9857
-1.75, 0.35, 9.099999, 9903
-1.75, 0, 9.45, 9948
-2.1, 0, 9.8, 9980
-2.1, 0, 10.15, 10026
-2.1, 0.35, 9.45, 10075
-2.1, 0.35, 9.8, 10105
-2.1, 0.35, 9.8, 10152
-1.75, 0.35, 9.45, 10183
-2.1, 0.35, 9.8, 10230
-2.1, 0.35, 9.45, 10292
-2.1, 0.35, 9.8, 10322
-2.45, 0, 9.8, 10353
-1.75, 0.35, 9.45, 10385
-2.1, 0.35, 9.8, 10431
-2.1, 0, 9.8, 10462
-1.4, 0.35, 9.8, 10508
-1.75, 0.35, 9.45, 10556
-2.45, 0, 9.8, 10587
-2.1, 0.7, 9.45, 10633
-2.1, 0.35, 9.45, 10664
-2.8, 0.35, 9.8, 10711
-1.4, 0.7, 9.8, 10758
-2.8, 0.35, 9.45, 10790
-3.15, 0.35, 9.8, 10835
-1.75, 0.7, 10.5, 10867
-2.8, 0.35, 9.099999, 10913
-2.45, 0.7, 10.15, 10960
-1.05, 1.05, 9.45, 10991
-3.15, -0.35, 9.099999, 11040
-1.4, 0.7, 9.8, 11070
-0.7, 0.7, 9.45, 11132
-1.4, 0.35, 10.15, 11163
0, 0.7, 10.15, 11193
0, 0.35, 10.15, 11239
-0.35, 0, 10.15, 11271
0.7, 0.35, 9.45, 11317
0.7, -0.35, 9.45, 11366
0.7, 0, 9.099999, 11395
0.7, 0, 9.099999, 11440
0, -0.35, 9.45, 11486
0.35, -0.35, 9.8, 11513
0, -0.35, 10.15, 11566
0, 0, 9.8, 11596
-0.35, 0.35, 10.15, 11642
-0.7, 0, 10.15, 11674
-0.7, 0, 10.15, 11721
-0.7, 0, 9.45, 11766
-0.7, 0.35, 10.15, 11797
-1.05, 0, 9.8, 11842
-1.4, 0, 9.45, 11888
